[1000, 0.01, 4, 9.507227311005965e-06]
[1000, 0.01, 5, 7.5482572296947025e-06]
[1000, 0.01, 6, 6.042152477686555e-06]
[1000, 0.01, 7, 5.222433444021634e-06]
[1000, 0.01, 8, 5.2038570389243125e-06]
[1000, 0.01, 9, 4.671391663267453e-06]
[1000, 0.01, 10, 4.434498002182909e-06]
[1000, 0.02, 4, 6.582396609153301e-06]
[1000, 0.02, 5, 5.1874046830881455e-06]
[1000, 0.02, 6, 4.730408363305288e-06]
[1000, 0.02, 7, 4.111365873194801e-06]
[1000, 0.02, 8, 3.7068781727358447e-06]
[1000, 0.02, 9, 4.032747530650184e-06]
[1000, 0.02, 10, 3.904378696239035e-06]
[1000, 0.03, 4, 5.0518122815684654e-06]
[1000, 0.03, 5, 5.288033000171531e-06]
[1000, 0.03, 6, 3.6016979532271017e-06]
[1000, 0.03, 7, 4.139966422024613e-06]
[1000, 0.03, 8, 3.6829061737564917e-06]
[1000, 0.03, 9, 3.744382376140724e-06]
[1000, 0.03, 10, 3.667972411783609e-06]
[1000, 0.04, 4, 5.196714217692968e-06]
[1000, 0.04, 5, 4.530904454989774e-06]
[1000, 0.04, 6, 4.410692116658116e-06]
[1000, 0.04, 7, 4.000304453705781e-06]
[1000, 0.04, 8, 3.3852412506061932e-06]
[1000, 0.04, 9, 3.457040427264009e-06]
[1000, 0.04, 10, 3.3344222125241566e-06]
[1000, 0.05, 4, 4.339325064326751e-06]
[1000, 0.05, 5, 5.068473955246241e-06]
[1000, 0.05, 6, 3.8913366487046665e-06]
[1000, 0.05, 7, 3.983501392384987e-06]
[1000, 0.05, 8, 3.5284130654825147e-06]
[1000, 0.05, 9, 3.42186947363999e-06]
[1000, 0.05, 10, 3.4182363757811893e-06]
[1000, 0.060000000000000005, 4, 4.100776766434973e-06]
[1000, 0.060000000000000005, 5, 5.116351754747256e-06]
[1000, 0.060000000000000005, 6, 4.716426946136075e-06]
[1000, 0.060000000000000005, 7, 3.108071187950728e-06]
[1000, 0.060000000000000005, 8, 3.919808608690359e-06]
[1000, 0.060000000000000005, 9, 3.070033318817184e-06]
[1000, 0.060000000000000005, 10, 3.80781325446981e-06]
[1000, 0.06999999999999999, 4, 4.694156031153205e-06]
[1000, 0.06999999999999999, 5, 4.2514238311841935e-06]
[1000, 0.06999999999999999, 6, 4.043252678546554e-06]
[1000, 0.06999999999999999, 7, 3.4995584712797086e-06]
[1000, 0.06999999999999999, 8, 3.6004042965386484e-06]
[1000, 0.06999999999999999, 9, 3.757046771227488e-06]
[1000, 0.06999999999999999, 10, 3.604683121815297e-06]
[1000, 0.08, 4, 4.657060619449596e-06]
[1000, 0.08, 5, 3.7929071119276106e-06]
[1000, 0.08, 6, 4.674117804932655e-06]
[1000, 0.08, 7, 3.5935121446881414e-06]
[1000, 0.08, 8, 3.832873047567537e-06]
[1000, 0.08, 9, 3.720119043354771e-06]
[1000, 0.08, 10, 3.332356604676618e-06]
[1000, 0.09, 4, 6.5745309490914675e-06]
[1000, 0.09, 5, 3.869748969976294e-06]
[1000, 0.09, 6, 3.182182970073672e-06]
[1000, 0.09, 7, 3.083661135990599e-06]
[1000, 0.09, 8, 3.3787148429248975e-06]
[1000, 0.09, 9, 3.753531433718353e-06]
[1000, 0.09, 10, 3.5982991588547757e-06]
[1000, 0.09999999999999999, 4, 5.763729630949167e-06]
[1000, 0.09999999999999999, 5, 4.601602812354401e-06]
[1000, 0.09999999999999999, 6, 3.22102756065321e-06]
[1000, 0.09999999999999999, 7, 3.4662846742180685e-06]
[1000, 0.09999999999999999, 8, 4.183795518859346e-06]
[1000, 0.09999999999999999, 9, 3.6558050528086525e-06]
[1000, 0.09999999999999999, 10, 3.55610824376105e-06]
[1500, 0.01, 4, 7.465390550574829e-06]
[1500, 0.01, 5, 6.0402893745956245e-06]
[1500, 0.01, 6, 4.8817097718401425e-06]
[1500, 0.01, 7, 4.296622838624716e-06]
[1500, 0.01, 8, 4.427046483742123e-06]
[1500, 0.01, 9, 4.020864941747861e-06]
[1500, 0.01, 10, 3.7801696365290998e-06]
[1500, 0.02, 4, 5.09184694810482e-06]
[1500, 0.02, 5, 4.403334828633578e-06]
[1500, 0.02, 6, 4.748341627893519e-06]
[1500, 0.02, 7, 3.759271198294558e-06]
[1500, 0.02, 8, 3.5845543025129043e-06]
[1500, 0.02, 9, 3.896171951104773e-06]
[1500, 0.02, 10, 3.7229246290394568e-06]
[1500, 0.03, 4, 4.751373433411791e-06]
[1500, 0.03, 5, 5.16218872173182e-06]
[1500, 0.03, 6, 3.481579587028335e-06]
[1500, 0.03, 7, 4.037839772110001e-06]
[1500, 0.03, 8, 3.5684066112900397e-06]
[1500, 0.03, 9, 3.649786915143765e-06]
[1500, 0.03, 10, 3.5596694334721704e-06]
[1500, 0.04, 4, 5.132057018810654e-06]
[1500, 0.04, 5, 4.282123068454024e-06]
[1500, 0.04, 6, 4.267258419173577e-06]
[1500, 0.04, 7, 3.90621852750443e-06]
[1500, 0.04, 8, 3.3077809232779507e-06]
[1500, 0.04, 9, 3.400885682259852e-06]
[1500, 0.04, 10, 3.281867166691557e-06]
[1500, 0.05, 4, 4.0992491390486935e-06]
[1500, 0.05, 5, 4.931014172601745e-06]
[1500, 0.05, 6, 3.753447705996883e-06]
[1500, 0.05, 7, 3.967517397639114e-06]
[1500, 0.05, 8, 3.50623381328864e-06]
[1500, 0.05, 9, 3.3772871650956073e-06]
[1500, 0.05, 10, 3.375590888903626e-06]
[1500, 0.060000000000000005, 4, 4.139312728209602e-06]
[1500, 0.060000000000000005, 5, 5.323858915011136e-06]
[1500, 0.060000000000000005, 6, 4.606157619100087e-06]
[1500, 0.060000000000000005, 7, 3.0576430717169632e-06]
[1500, 0.060000000000000005, 8, 3.910995370577189e-06]
[1500, 0.060000000000000005, 9, 3.0619290687747216e-06]
[1500, 0.060000000000000005, 10, 3.7921940314146645e-06]
[1500, 0.06999999999999999, 4, 4.815226006800931e-06]
[1500, 0.06999999999999999, 5, 4.262474897178538e-06]
[1500, 0.06999999999999999, 6, 3.973609188942331e-06]
[1500, 0.06999999999999999, 7, 3.4701840025913446e-06]
[1500, 0.06999999999999999, 8, 3.595728053003521e-06]
[1500, 0.06999999999999999, 9, 3.724326374719017e-06]
[1500, 0.06999999999999999, 10, 3.59384995597569e-06]
[1500, 0.08, 4, 4.746778201584819e-06]
[1500, 0.08, 5, 3.7526284533636665e-06]
[1500, 0.08, 6, 4.678637731863582e-06]
[1500, 0.08, 7, 3.5757420020326167e-06]
[1500, 0.08, 8, 3.80949652852442e-06]
[1500, 0.08, 9, 3.7007800892957867e-06]
[1500, 0.08, 10, 3.3174875603282356e-06]
[1500, 0.09, 4, 6.408335942090643e-06]
[1500, 0.09, 5, 3.846176327318282e-06]
[1500, 0.09, 6, 3.155074466158126e-06]
[1500, 0.09, 7, 3.048265832174197e-06]
[1500, 0.09, 8, 3.3867749258669847e-06]
[1500, 0.09, 9, 3.748343962627232e-06]
[1500, 0.09, 10, 3.5763285347396465e-06]
[1500, 0.09999999999999999, 4, 5.854842779076963e-06]
[1500, 0.09999999999999999, 5, 4.493900635198272e-06]
[1500, 0.09999999999999999, 6, 3.178869303286427e-06]
[1500, 0.09999999999999999, 7, 3.446817960012657e-06]
[1500, 0.09999999999999999, 8, 4.198321331351805e-06]
[1500, 0.09999999999999999, 9, 3.6578990529114817e-06]
[1500, 0.09999999999999999, 10, 3.5499709254141256e-06]
[2000, 0.01, 4, 6.612891192734888e-06]
[2000, 0.01, 5, 5.444427802439828e-06]
[2000, 0.01, 6, 4.3910082413198715e-06]
[2000, 0.01, 7, 3.7683848832148754e-06]
[2000, 0.01, 8, 4.172746389185308e-06]
[2000, 0.01, 9, 3.8118269129409014e-06]
[2000, 0.01, 10, 3.5622011866673584e-06]
[2000, 0.02, 4, 4.756768951161964e-06]
[2000, 0.02, 5, 4.331842339063948e-06]
[2000, 0.02, 6, 4.556097751939931e-06]
[2000, 0.02, 7, 3.616668245576792e-06]
[2000, 0.02, 8, 3.5097935762583987e-06]
[2000, 0.02, 9, 3.826372819124513e-06]
[2000, 0.02, 10, 3.657918023056988e-06]
[2000, 0.03, 4, 4.690301110664047e-06]
[2000, 0.03, 5, 5.122964994407291e-06]
[2000, 0.03, 6, 3.381561396059039e-06]
[2000, 0.03, 7, 3.994339164549541e-06]
[2000, 0.03, 8, 3.5407583496557857e-06]
[2000, 0.03, 9, 3.6051582332634245e-06]
[2000, 0.03, 10, 3.5169143478790917e-06]
[2000, 0.04, 4, 5.099166292048456e-06]
[2000, 0.04, 5, 4.306996182798694e-06]
[2000, 0.04, 6, 4.226852813115929e-06]
[2000, 0.04, 7, 3.869558849276204e-06]
[2000, 0.04, 8, 3.302377104337269e-06]
[2000, 0.04, 9, 3.376878727032616e-06]
[2000, 0.04, 10, 3.2725467954675245e-06]
[2000, 0.05, 4, 4.199439683704286e-06]
[2000, 0.05, 5, 4.913196190833695e-06]
[2000, 0.05, 6, 3.706022142783229e-06]
[2000, 0.05, 7, 3.988371218241432e-06]
[2000, 0.05, 8, 3.484183247487764e-06]
[2000, 0.05, 9, 3.3885689137259206e-06]
[2000, 0.05, 10, 3.3615944371945514e-06]
[2000, 0.060000000000000005, 4, 4.096111923592814e-06]
[2000, 0.060000000000000005, 5, 5.392214143055492e-06]
[2000, 0.060000000000000005, 6, 4.576370106228859e-06]
[2000, 0.060000000000000005, 7, 3.0775622059950083e-06]
[2000, 0.060000000000000005, 8, 3.891048508907812e-06]
[2000, 0.060000000000000005, 9, 3.057302479105997e-06]
[2000, 0.060000000000000005, 10, 3.78507920406269e-06]
[2000, 0.06999999999999999, 4, 5.495633174626765e-06]
[2000, 0.06999999999999999, 5, 4.335408428572815e-06]
[2000, 0.06999999999999999, 6, 3.998771845556814e-06]
[2000, 0.06999999999999999, 7, 3.458887616463389e-06]
[2000, 0.06999999999999999, 8, 3.5932172351529493e-06]
[2000, 0.06999999999999999, 9, 3.724745012065815e-06]
[2000, 0.06999999999999999, 10, 3.591626586359484e-06]
[2000, 0.08, 4, 5.088714478179899e-06]
[2000, 0.08, 5, 3.7244611179929547e-06]
[2000, 0.08, 6, 4.689076927544984e-06]
[2000, 0.08, 7, 3.572408083150013e-06]
[2000, 0.08, 8, 3.789276237096388e-06]
[2000, 0.08, 9, 3.6952480245401147e-06]
[2000, 0.08, 10, 3.3161786268720745e-06]
[2000, 0.09, 4, 6.392526712512498e-06]
[2000, 0.09, 5, 3.86082002318428e-06]
[2000, 0.09, 6, 3.1508412811502252e-06]
[2000, 0.09, 7, 3.0355888050530198e-06]
[2000, 0.09, 8, 3.397440160494088e-06]
[2000, 0.09, 9, 3.753515395067321e-06]
[2000, 0.09, 10, 3.579015055802829e-06]
[2000, 0.09999999999999999, 4, 5.837459194066049e-06]
[2000, 0.09999999999999999, 5, 4.4671800431835e-06]
[2000, 0.09999999999999999, 6, 3.1550323922631147e-06]
[2000, 0.09999999999999999, 7, 3.4641255463249097e-06]
[2000, 0.09999999999999999, 8, 4.208850168247221e-06]
[2000, 0.09999999999999999, 9, 3.6604225704098035e-06]
[2000, 0.09999999999999999, 10, 3.5443721594554227e-06]
[2500, 0.01, 4, 5.7592305211927296e-06]
[2500, 0.01, 5, 5.1686550507887685e-06]
[2500, 0.01, 6, 3.906306752791885e-06]
[2500, 0.01, 7, 3.4936121776784043e-06]
[2500, 0.01, 8, 3.9660006258338835e-06]
[2500, 0.01, 9, 3.70443061779299e-06]
[2500, 0.01, 10, 3.4640524831894488e-06]
[2500, 0.02, 4, 4.929531798908672e-06]
[2500, 0.02, 5, 4.233536788038086e-06]
[2500, 0.02, 6, 4.46347653266732e-06]
[2500, 0.02, 7, 3.5808759068305848e-06]
[2500, 0.02, 8, 3.4744312183785895e-06]
[2500, 0.02, 9, 3.805887588807164e-06]
[2500, 0.02, 10, 3.6288134953062865e-06]
[2500, 0.03, 4, 4.6293213022954555e-06]
[2500, 0.03, 5, 5.145326739949807e-06]
[2500, 0.03, 6, 3.3416818067779684e-06]
[2500, 0.03, 7, 3.992838487392021e-06]
[2500, 0.03, 8, 3.541342500963667e-06]
[2500, 0.03, 9, 3.616709280755791e-06]
[2500, 0.03, 10, 3.5056542205115373e-06]
[2500, 0.04, 4, 5.117650100533987e-06]
[2500, 0.04, 5, 4.381993954078324e-06]
[2500, 0.04, 6, 4.226509416113017e-06]
[2500, 0.04, 7, 3.856563072293821e-06]
[2500, 0.04, 8, 3.2938479711153203e-06]
[2500, 0.04, 9, 3.3608597697115644e-06]
[2500, 0.04, 10, 3.2624084237433574e-06]
[2500, 0.05, 4, 4.102052235520978e-06]
[2500, 0.05, 5, 4.908091703277588e-06]
[2500, 0.05, 6, 3.660582416472299e-06]
[2500, 0.05, 7, 3.973901429257446e-06]
[2500, 0.05, 8, 3.486025943213962e-06]
[2500, 0.05, 9, 3.3748722498202173e-06]
[2500, 0.05, 10, 3.356414413650047e-06]
[2500, 0.060000000000000005, 4, 4.1740146909772176e-06]
[2500, 0.060000000000000005, 5, 5.400123431825387e-06]
[2500, 0.060000000000000005, 6, 4.560923609748636e-06]
[2500, 0.060000000000000005, 7, 3.080221522326061e-06]
[2500, 0.060000000000000005, 8, 3.897793141607526e-06]
[2500, 0.060000000000000005, 9, 3.0648224629386152e-06]
[2500, 0.060000000000000005, 10, 3.786947143315909e-06]
[2500, 0.06999999999999999, 4, 5.66000443172321e-06]
[2500, 0.06999999999999999, 5, 4.367263751895784e-06]
[2500, 0.06999999999999999, 6, 4.014663821489926e-06]
[2500, 0.06999999999999999, 7, 3.4344988145049448e-06]
[2500, 0.06999999999999999, 8, 3.6032262110500033e-06]
[2500, 0.06999999999999999, 9, 3.7319476283098677e-06]
[2500, 0.06999999999999999, 10, 3.590104649870292e-06]
[2500, 0.08, 4, 5.101654697638806e-06]
[2500, 0.08, 5, 3.7227288760541026e-06]
[2500, 0.08, 6, 4.696885559454286e-06]
[2500, 0.08, 7, 3.563256255871265e-06]
[2500, 0.08, 8, 3.784839892709047e-06]
[2500, 0.08, 9, 3.691679094309718e-06]
[2500, 0.08, 10, 3.3176999538933603e-06]
[2500, 0.09, 4, 6.224171326375087e-06]
[2500, 0.09, 5, 3.832449590441187e-06]
[2500, 0.09, 6, 3.152183086171072e-06]
[2500, 0.09, 7, 3.028395614731326e-06]
[2500, 0.09, 8, 3.4008948945218284e-06]
[2500, 0.09, 9, 3.7494389764446355e-06]
[2500, 0.09, 10, 3.5804376124175505e-06]
[2500, 0.09999999999999999, 4, 5.752951845290418e-06]
[2500, 0.09999999999999999, 5, 4.470936399484554e-06]
[2500, 0.09999999999999999, 6, 3.142260856742169e-06]
[2500, 0.09999999999999999, 7, 3.468327019244226e-06]
[2500, 0.09999999999999999, 8, 4.217751181943142e-06]
[2500, 0.09999999999999999, 9, 3.6574893931958985e-06]
[2500, 0.09999999999999999, 10, 3.5431612625643472e-06]
[3000, 0.01, 4, 5.0419017909910166e-06]
[3000, 0.01, 5, 4.839060248194711e-06]
[3000, 0.01, 6, 3.721009296583435e-06]
[3000, 0.01, 7, 3.3873990441330052e-06]
[3000, 0.01, 8, 3.879364567257255e-06]
[3000, 0.01, 9, 3.6387332281763555e-06]
[3000, 0.01, 10, 3.3982392066265927e-06]
[3000, 0.02, 4, 4.83363163894431e-06]
[3000, 0.02, 5, 4.179147446081161e-06]
[3000, 0.02, 6, 4.455225096923983e-06]
[3000, 0.02, 7, 3.5565231726031027e-06]
[3000, 0.02, 8, 3.456424505584843e-06]
[3000, 0.02, 9, 3.8111722419968756e-06]
[3000, 0.02, 10, 3.628242267132083e-06]
[3000, 0.03, 4, 4.5239787995087425e-06]
[3000, 0.03, 5, 5.119863006079714e-06]
[3000, 0.03, 6, 3.3281267656267073e-06]
[3000, 0.03, 7, 4.00446433727715e-06]
[3000, 0.03, 8, 3.531063064556711e-06]
[3000, 0.03, 9, 3.6100375108618383e-06]
[3000, 0.03, 10, 3.498451547857233e-06]
[3000, 0.04, 4, 5.093679892498068e-06]
[3000, 0.04, 5, 4.334925236083114e-06]
[3000, 0.04, 6, 4.22320151505047e-06]
[3000, 0.04, 7, 3.8748526387486775e-06]
[3000, 0.04, 8, 3.300157646266467e-06]
[3000, 0.04, 9, 3.353956396483522e-06]
[3000, 0.04, 10, 3.2614064272354632e-06]
[3000, 0.05, 4, 4.095775920554115e-06]
[3000, 0.05, 5, 4.908951793248886e-06]
[3000, 0.05, 6, 3.647250635612083e-06]
[3000, 0.05, 7, 3.972487629637035e-06]
[3000, 0.05, 8, 3.4934500985749364e-06]
[3000, 0.05, 9, 3.3725395509126763e-06]
[3000, 0.05, 10, 3.362461456613791e-06]
[3000, 0.060000000000000005, 4, 4.281274998992465e-06]
[3000, 0.060000000000000005, 5, 5.3948571381774584e-06]
[3000, 0.060000000000000005, 6, 4.559332630493921e-06]
[3000, 0.060000000000000005, 7, 3.087881725994691e-06]
[3000, 0.060000000000000005, 8, 3.899703199901089e-06]
[3000, 0.060000000000000005, 9, 3.0608251733238174e-06]
[3000, 0.060000000000000005, 10, 3.7864401308263628e-06]
[3000, 0.06999999999999999, 4, 5.745843996887719e-06]
[3000, 0.06999999999999999, 5, 4.386484771832268e-06]
[3000, 0.06999999999999999, 6, 4.014299500129537e-06]
[3000, 0.06999999999999999, 7, 3.4203799311741534e-06]
[3000, 0.06999999999999999, 8, 3.609795903736252e-06]
[3000, 0.06999999999999999, 9, 3.7357416609547666e-06]
[3000, 0.06999999999999999, 10, 3.589877139919071e-06]
[3000, 0.08, 4, 5.038166848513529e-06]
[3000, 0.08, 5, 3.7191754565158187e-06]
[3000, 0.08, 6, 4.695310051309106e-06]
[3000, 0.08, 7, 3.5637459044117863e-06]
[3000, 0.08, 8, 3.7818687589616193e-06]
[3000, 0.08, 9, 3.694692639986692e-06]
[3000, 0.08, 10, 3.3198381612647865e-06]
[3000, 0.09, 4, 6.163020742973212e-06]
[3000, 0.09, 5, 3.821276319500363e-06]
[3000, 0.09, 6, 3.152211530118036e-06]
[3000, 0.09, 7, 3.027294292604398e-06]
[3000, 0.09, 8, 3.403724777459389e-06]
[3000, 0.09, 9, 3.74695599909868e-06]
[3000, 0.09, 10, 3.5804632097046947e-06]
[3000, 0.09999999999999999, 4, 5.757016868730022e-06]
[3000, 0.09999999999999999, 5, 4.50668879940369e-06]
[3000, 0.09999999999999999, 6, 3.138006969788071e-06]
[3000, 0.09999999999999999, 7, 3.4698685569777685e-06]
[3000, 0.09999999999999999, 8, 4.219880718601544e-06]
[3000, 0.09999999999999999, 9, 3.658034976968017e-06]
[3000, 0.09999999999999999, 10, 3.544033303757797e-06]
[3500, 0.01, 4, 4.8955795778147425e-06]
[3500, 0.01, 5, 4.718917698619689e-06]
[3500, 0.01, 6, 3.6580459328264777e-06]
[3500, 0.01, 7, 3.3191795135602746e-06]
[3500, 0.01, 8, 3.8153256626371024e-06]
[3500, 0.01, 9, 3.6003165305757182e-06]
[3500, 0.01, 10, 3.372543837953556e-06]
[3500, 0.02, 4, 4.924060184788675e-06]
[3500, 0.02, 5, 4.095844039249352e-06]
[3500, 0.02, 6, 4.4423525945054786e-06]
[3500, 0.02, 7, 3.543511230883407e-06]
[3500, 0.02, 8, 3.455287735250761e-06]
[3500, 0.02, 9, 3.802887555848132e-06]
[3500, 0.02, 10, 3.622249428553582e-06]
[3500, 0.03, 4, 4.47966912886012e-06]
[3500, 0.03, 5, 5.088313998891068e-06]
[3500, 0.03, 6, 3.3334368161403375e-06]
[3500, 0.03, 7, 3.984536365934577e-06]
[3500, 0.03, 8, 3.5320694112513597e-06]
[3500, 0.03, 9, 3.6089107158308905e-06]
[3500, 0.03, 10, 3.5047940706447926e-06]
[3500, 0.04, 4, 5.096013966683009e-06]
[3500, 0.04, 5, 4.349288973642594e-06]
[3500, 0.04, 6, 4.2426558248843285e-06]
[3500, 0.04, 7, 3.871969108474583e-06]
[3500, 0.04, 8, 3.3076979730158512e-06]
[3500, 0.04, 9, 3.3594680070258327e-06]
[3500, 0.04, 10, 3.2550922308348695e-06]
[3500, 0.05, 4, 4.083252682869238e-06]
[3500, 0.05, 5, 4.9058456064582975e-06]
[3500, 0.05, 6, 3.6355333701792338e-06]
[3500, 0.05, 7, 3.976438200144383e-06]
[3500, 0.05, 8, 3.493028829261953e-06]
[3500, 0.05, 9, 3.3738817060663014e-06]
[3500, 0.05, 10, 3.363187665681376e-06]
[3500, 0.060000000000000005, 4, 4.2991306959048126e-06]
[3500, 0.060000000000000005, 5, 5.402649492999372e-06]
[3500, 0.060000000000000005, 6, 4.562161450432053e-06]
[3500, 0.060000000000000005, 7, 3.09192484823266e-06]
[3500, 0.060000000000000005, 8, 3.9042684306262835e-06]
[3500, 0.060000000000000005, 9, 3.0606518213496952e-06]
[3500, 0.060000000000000005, 10, 3.7890085414576553e-06]
[3500, 0.06999999999999999, 4, 5.719595389325629e-06]
[3500, 0.06999999999999999, 5, 4.399957202110086e-06]
[3500, 0.06999999999999999, 6, 4.017301624038306e-06]
[3500, 0.06999999999999999, 7, 3.415549833330014e-06]
[3500, 0.06999999999999999, 8, 3.616715392027336e-06]
[3500, 0.06999999999999999, 9, 3.736944679654973e-06]
[3500, 0.06999999999999999, 10, 3.591481815320654e-06]
[3500, 0.08, 4, 4.985893388244924e-06]
[3500, 0.08, 5, 3.7307040605235333e-06]
[3500, 0.08, 6, 4.692021323612915e-06]
[3500, 0.08, 7, 3.5686098756251556e-06]
[3500, 0.08, 8, 3.783126052296024e-06]
[3500, 0.08, 9, 3.696437380421734e-06]
[3500, 0.08, 10, 3.3209807131025484e-06]
[3500, 0.09, 4, 5.99315619769286e-06]
[3500, 0.09, 5, 3.807559805805189e-06]
[3500, 0.09, 6, 3.1639954477007967e-06]
[3500, 0.09, 7, 3.031058965206588e-06]
[3500, 0.09, 8, 3.405505120889269e-06]
[3500, 0.09, 9, 3.748737677530128e-06]
[3500, 0.09, 10, 3.5819902144248222e-06]
[3500, 0.09999999999999999, 4, 5.7759373657776075e-06]
[3500, 0.09999999999999999, 5, 4.5062303501749465e-06]
[3500, 0.09999999999999999, 6, 3.13656096726999e-06]
[3500, 0.09999999999999999, 7, 3.4728793897480088e-06]
[3500, 0.09999999999999999, 8, 4.22404930201655e-06]
[3500, 0.09999999999999999, 9, 3.6578347807505893e-06]
[3500, 0.09999999999999999, 10, 3.546587236773503e-06]
[4000, 0.01, 4, 4.9874043068567375e-06]
[4000, 0.01, 5, 4.669346465474013e-06]
[4000, 0.01, 6, 3.6554167943591114e-06]
[4000, 0.01, 7, 3.2715823601856126e-06]
[4000, 0.01, 8, 3.781593059700591e-06]
[4000, 0.01, 9, 3.55941351170598e-06]
[4000, 0.01, 10, 3.3606226713398832e-06]
[4000, 0.02, 4, 4.9266636496178635e-06]
[4000, 0.02, 5, 4.0583953657317916e-06]
[4000, 0.02, 6, 4.444056918923364e-06]
[4000, 0.02, 7, 3.5213642677295668e-06]
[4000, 0.02, 8, 3.4461913682596204e-06]
[4000, 0.02, 9, 3.786587303267718e-06]
[4000, 0.02, 10, 3.619668842828548e-06]
[4000, 0.03, 4, 4.425170650897471e-06]
[4000, 0.03, 5, 5.0692125528166375e-06]
[4000, 0.03, 6, 3.3415908522912554e-06]
[4000, 0.03, 7, 3.980750295069236e-06]
[4000, 0.03, 8, 3.523743539411775e-06]
[4000, 0.03, 9, 3.61216424352925e-06]
[4000, 0.03, 10, 3.5069225412775077e-06]
[4000, 0.04, 4, 5.076462661683902e-06]
[4000, 0.04, 5, 4.355264973729349e-06]
[4000, 0.04, 6, 4.233495999571277e-06]
[4000, 0.04, 7, 3.866040420299751e-06]
[4000, 0.04, 8, 3.305220393576195e-06]
[4000, 0.04, 9, 3.355364355787332e-06]
[4000, 0.04, 10, 3.254726632174083e-06]
[4000, 0.05, 4, 4.022051228849612e-06]
[4000, 0.05, 5, 4.885698365467925e-06]
[4000, 0.05, 6, 3.6211390774823155e-06]
[4000, 0.05, 7, 3.974749673298575e-06]
[4000, 0.05, 8, 3.4940517844720296e-06]
[4000, 0.05, 9, 3.3727813405853504e-06]
[4000, 0.05, 10, 3.3642879224517643e-06]
[4000, 0.060000000000000005, 4, 4.2801218049390925e-06]
[4000, 0.060000000000000005, 5, 5.391158247683544e-06]
[4000, 0.060000000000000005, 6, 4.568197165472793e-06]
[4000, 0.060000000000000005, 7, 3.099520594047443e-06]
[4000, 0.060000000000000005, 8, 3.90483489156745e-06]
[4000, 0.060000000000000005, 9, 3.062880441503624e-06]
[4000, 0.060000000000000005, 10, 3.7919815697470727e-06]
[4000, 0.06999999999999999, 4, 5.753358596960351e-06]
[4000, 0.06999999999999999, 5, 4.450551194073508e-06]
[4000, 0.06999999999999999, 6, 4.020790640929142e-06]
[4000, 0.06999999999999999, 7, 3.4124459483529683e-06]
[4000, 0.06999999999999999, 8, 3.620659754029475e-06]
[4000, 0.06999999999999999, 9, 3.7374850234056794e-06]
[4000, 0.06999999999999999, 10, 3.592734988450473e-06]
[4000, 0.08, 4, 4.950429815176399e-06]
[4000, 0.08, 5, 3.7336538564245713e-06]
[4000, 0.08, 6, 4.690018067529453e-06]
[4000, 0.08, 7, 3.5675170864896275e-06]
[4000, 0.08, 8, 3.7831073458717105e-06]
[4000, 0.08, 9, 3.6990848171622726e-06]
[4000, 0.08, 10, 3.322661323813884e-06]
[4000, 0.09, 4, 5.937318113037317e-06]
[4000, 0.09, 5, 3.8033689882790627e-06]
[4000, 0.09, 6, 3.1727252842428638e-06]
[4000, 0.09, 7, 3.03182683967098e-06]
[4000, 0.09, 8, 3.4057162651830073e-06]
[4000, 0.09, 9, 3.750439330169016e-06]
[4000, 0.09, 10, 3.582423223358021e-06]
[4000, 0.09999999999999999, 4, 5.74435093673317e-06]
[4000, 0.09999999999999999, 5, 4.50585907010258e-06]
[4000, 0.09999999999999999, 6, 3.1364454743809477e-06]
[4000, 0.09999999999999999, 7, 3.4699468438022162e-06]
[4000, 0.09999999999999999, 8, 4.2265653802511754e-06]
[4000, 0.09999999999999999, 9, 3.658415029766879e-06]
[4000, 0.09999999999999999, 10, 3.547059229223707e-06]
[4500, 0.01, 4, 4.788506570315513e-06]
[4500, 0.01, 5, 4.578277852500325e-06]
[4500, 0.01, 6, 3.604147123489644e-06]
[4500, 0.01, 7, 3.2383783439328388e-06]
[4500, 0.01, 8, 3.7537765713388252e-06]
[4500, 0.01, 9, 3.5512886128235125e-06]
[4500, 0.01, 10, 3.3470691039310463e-06]
[4500, 0.02, 4, 4.886857470500792e-06]
[4500, 0.02, 5, 4.050430732591897e-06]
[4500, 0.02, 6, 4.455898562575349e-06]
[4500, 0.02, 7, 3.5229979115321465e-06]
[4500, 0.02, 8, 3.4446932313235695e-06]
[4500, 0.02, 9, 3.779344005598192e-06]
[4500, 0.02, 10, 3.6223448646691325e-06]
[4500, 0.03, 4, 4.4271385540951966e-06]
[4500, 0.03, 5, 5.066557516098066e-06]
[4500, 0.03, 6, 3.333471182213593e-06]
[4500, 0.03, 7, 3.965134930041061e-06]
[4500, 0.03, 8, 3.5252300003012355e-06]
[4500, 0.03, 9, 3.6134933182988395e-06]
[4500, 0.03, 10, 3.5114301762735355e-06]
[4500, 0.04, 4, 5.075599513835047e-06]
[4500, 0.04, 5, 4.359211759876202e-06]
[4500, 0.04, 6, 4.236440403119663e-06]
[4500, 0.04, 7, 3.868643710800651e-06]
[4500, 0.04, 8, 3.3094538826583356e-06]
[4500, 0.04, 9, 3.3547539089756275e-06]
[4500, 0.04, 10, 3.2549803464153526e-06]
[4500, 0.05, 4, 4.014187798412142e-06]
[4500, 0.05, 5, 4.883182220266176e-06]
[4500, 0.05, 6, 3.6138754717959538e-06]
[4500, 0.05, 7, 3.9718977812078665e-06]
[4500, 0.05, 8, 3.4947503115960205e-06]
[4500, 0.05, 9, 3.3700245628560995e-06]
[4500, 0.05, 10, 3.3639902296325705e-06]
[4500, 0.060000000000000005, 4, 4.270901823177796e-06]
[4500, 0.060000000000000005, 5, 5.392821391916226e-06]
[4500, 0.060000000000000005, 6, 4.563514089538004e-06]
[4500, 0.060000000000000005, 7, 3.097263568339194e-06]
[4500, 0.060000000000000005, 8, 3.9046636110925895e-06]
[4500, 0.060000000000000005, 9, 3.0655827842576904e-06]
[4500, 0.060000000000000005, 10, 3.793911699746346e-06]
[4500, 0.06999999999999999, 4, 5.7819744829185685e-06]
[4500, 0.06999999999999999, 5, 4.4603592954485395e-06]
[4500, 0.06999999999999999, 6, 4.020229744658281e-06]
[4500, 0.06999999999999999, 7, 3.4103511900370896e-06]
[4500, 0.06999999999999999, 8, 3.6234923566521073e-06]
[4500, 0.06999999999999999, 9, 3.739292163069896e-06]
[4500, 0.06999999999999999, 10, 3.5943419037937005e-06]
[4500, 0.08, 4, 4.968991086823099e-06]
[4500, 0.08, 5, 3.7304869916379073e-06]
[4500, 0.08, 6, 4.6931658118044145e-06]
[4500, 0.08, 7, 3.5659205737450417e-06]
[4500, 0.08, 8, 3.7860157767059138e-06]
[4500, 0.08, 9, 3.700518248435591e-06]
[4500, 0.08, 10, 3.324397598161362e-06]
[4500, 0.09, 4, 5.886130492012697e-06]
[4500, 0.09, 5, 3.7911132587501633e-06]
[4500, 0.09, 6, 3.177406182547558e-06]
[4500, 0.09, 7, 3.0319923226490846e-06]
[4500, 0.09, 8, 3.4041443409204797e-06]
[4500, 0.09, 9, 3.7509132524658852e-06]
[4500, 0.09, 10, 3.5838608516306297e-06]
[4500, 0.09999999999999999, 4, 5.7409920076743755e-06]
[4500, 0.09999999999999999, 5, 4.5071179866313955e-06]
[4500, 0.09999999999999999, 6, 3.137188328594659e-06]
[4500, 0.09999999999999999, 7, 3.465139900834883e-06]
[4500, 0.09999999999999999, 8, 4.228520212264826e-06]
[4500, 0.09999999999999999, 9, 3.6589159940612104e-06]
[4500, 0.09999999999999999, 10, 3.546825730146207e-06]
[5000, 0.01, 4, 4.687530031235575e-06]
[5000, 0.01, 5, 4.50546037849486e-06]
[5000, 0.01, 6, 3.594477922348444e-06]
[5000, 0.01, 7, 3.2217303322547324e-06]
[5000, 0.01, 8, 3.7414200840521415e-06]
[5000, 0.01, 9, 3.5413225989520675e-06]
[5000, 0.01, 10, 3.3363042835693316e-06]
[5000, 0.02, 4, 4.901853242755978e-06]
[5000, 0.02, 5, 4.054620576750473e-06]
[5000, 0.02, 6, 4.46604825728677e-06]
[5000, 0.02, 7, 3.523804082898273e-06]
[5000, 0.02, 8, 3.445066531216836e-06]
[5000, 0.02, 9, 3.776122344882826e-06]
[5000, 0.02, 10, 3.625147575977404e-06]
[5000, 0.03, 4, 4.402822837916141e-06]
[5000, 0.03, 5, 5.062290126975017e-06]
[5000, 0.03, 6, 3.3297584528085378e-06]
[5000, 0.03, 7, 3.967641907020698e-06]
[5000, 0.03, 8, 3.526447809506964e-06]
[5000, 0.03, 9, 3.6104814222618794e-06]
[5000, 0.03, 10, 3.5122109866018943e-06]
[5000, 0.04, 4, 5.079302941137704e-06]
[5000, 0.04, 5, 4.381328277655161e-06]
[5000, 0.04, 6, 4.2352290680713385e-06]
[5000, 0.04, 7, 3.869400504491096e-06]
[5000, 0.04, 8, 3.312270269402312e-06]
[5000, 0.04, 9, 3.354192627124308e-06]
[5000, 0.04, 10, 3.257462269829248e-06]
[5000, 0.05, 4, 4.000040037072834e-06]
[5000, 0.05, 5, 4.883123934349802e-06]
[5000, 0.05, 6, 3.6086921270994554e-06]
[5000, 0.05, 7, 3.9678623168508385e-06]
[5000, 0.05, 8, 3.496581574253393e-06]
[5000, 0.05, 9, 3.3684754181657758e-06]
[5000, 0.05, 10, 3.364450452828039e-06]
[5000, 0.060000000000000005, 4, 4.2442001277798845e-06]
[5000, 0.060000000000000005, 5, 5.373410110519029e-06]
[5000, 0.060000000000000005, 6, 4.5744176726231566e-06]
[5000, 0.060000000000000005, 7, 3.1004565513352335e-06]
[5000, 0.060000000000000005, 8, 3.90513476148613e-06]
[5000, 0.060000000000000005, 9, 3.066492472331965e-06]
[5000, 0.060000000000000005, 10, 3.794342378165294e-06]
[5000, 0.06999999999999999, 4, 5.796157571275076e-06]
[5000, 0.06999999999999999, 5, 4.4669932040384495e-06]
[5000, 0.06999999999999999, 6, 4.021247159508943e-06]
[5000, 0.06999999999999999, 7, 3.4061401207986654e-06]
[5000, 0.06999999999999999, 8, 3.625244752507994e-06]
[5000, 0.06999999999999999, 9, 3.738492366380996e-06]
[5000, 0.06999999999999999, 10, 3.596245115369313e-06]
[5000, 0.08, 4, 4.976850485003298e-06]
[5000, 0.08, 5, 3.7431692979562933e-06]
[5000, 0.08, 6, 4.68861204996358e-06]
[5000, 0.08, 7, 3.5704102258307478e-06]
[5000, 0.08, 8, 3.786932238084047e-06]
[5000, 0.08, 9, 3.701071952439369e-06]
[5000, 0.08, 10, 3.325509469385996e-06]
[5000, 0.09, 4, 5.864513762660203e-06]
[5000, 0.09, 5, 3.787383277224483e-06]
[5000, 0.09, 6, 3.1785083950348344e-06]
[5000, 0.09, 7, 3.0318950614497795e-06]
[5000, 0.09, 8, 3.4032987840908404e-06]
[5000, 0.09, 9, 3.7520093953503855e-06]
[5000, 0.09, 10, 3.584919799907122e-06]
[5000, 0.09999999999999999, 4, 5.736685836199633e-06]
[5000, 0.09999999999999999, 5, 4.511318443670316e-06]
[5000, 0.09999999999999999, 6, 3.1368809338305664e-06]
[5000, 0.09999999999999999, 7, 3.4632810563633503e-06]
[5000, 0.09999999999999999, 8, 4.228544257678509e-06]
[5000, 0.09999999999999999, 9, 3.658938137745838e-06]
[5000, 0.09999999999999999, 10, 3.5470047868689756e-06]
[5500, 0.01, 4, 4.615958837409272e-06]
[5500, 0.01, 5, 4.478942205585782e-06]
[5500, 0.01, 6, 3.5840824213431244e-06]
[5500, 0.01, 7, 3.2091391072712534e-06]
[5500, 0.01, 8, 3.7424110313202164e-06]
[5500, 0.01, 9, 3.5438419849901892e-06]
[5500, 0.01, 10, 3.330503946699682e-06]
[5500, 0.02, 4, 4.9301946733538305e-06]
[5500, 0.02, 5, 4.0358470624659725e-06]
[5500, 0.02, 6, 4.486359027067311e-06]
[5500, 0.02, 7, 3.534631160815186e-06]
[5500, 0.02, 8, 3.449255190336169e-06]
[5500, 0.02, 9, 3.7689394011601033e-06]
[5500, 0.02, 10, 3.626441594029226e-06]
[5500, 0.03, 4, 4.376578309871786e-06]
[5500, 0.03, 5, 5.049619417296143e-06]
[5500, 0.03, 6, 3.321713286736969e-06]
[5500, 0.03, 7, 3.961178653492232e-06]
[5500, 0.03, 8, 3.5236585463796215e-06]
[5500, 0.03, 9, 3.6111260151811732e-06]
[5500, 0.03, 10, 3.513676540255129e-06]
[5500, 0.04, 4, 5.066135130918055e-06]
[5500, 0.04, 5, 4.377230884456984e-06]
[5500, 0.04, 6, 4.231348233684021e-06]
[5500, 0.04, 7, 3.874600035833065e-06]
[5500, 0.04, 8, 3.3161223535511156e-06]
[5500, 0.04, 9, 3.3523077159758385e-06]
[5500, 0.04, 10, 3.2586446310127832e-06]
[5500, 0.05, 4, 3.977748429999669e-06]
[5500, 0.05, 5, 4.876197821435803e-06]
[5500, 0.05, 6, 3.602754369168641e-06]
[5500, 0.05, 7, 3.965668421540137e-06]
[5500, 0.05, 8, 3.496222821695662e-06]
[5500, 0.05, 9, 3.369146615390936e-06]
[5500, 0.05, 10, 3.365486152314742e-06]
[5500, 0.060000000000000005, 4, 4.17582215314466e-06]
[5500, 0.060000000000000005, 5, 5.371562115201929e-06]
[5500, 0.060000000000000005, 6, 4.5743901049140674e-06]
[5500, 0.060000000000000005, 7, 3.0984809053200647e-06]
[5500, 0.060000000000000005, 8, 3.904288849011453e-06]
[5500, 0.060000000000000005, 9, 3.0677219038142204e-06]
[5500, 0.060000000000000005, 10, 3.795676043525142e-06]
[5500, 0.06999999999999999, 4, 5.795116055402516e-06]
[5500, 0.06999999999999999, 5, 4.469540609726636e-06]
[5500, 0.06999999999999999, 6, 4.025906889007247e-06]
[5500, 0.06999999999999999, 7, 3.4032509693398466e-06]
[5500, 0.06999999999999999, 8, 3.626274900915125e-06]
[5500, 0.06999999999999999, 9, 3.7395102078234967e-06]
[5500, 0.06999999999999999, 10, 3.598217433647291e-06]
[5500, 0.08, 4, 4.980484998310337e-06]
[5500, 0.08, 5, 3.7451665238191846e-06]
[5500, 0.08, 6, 4.691279428423629e-06]
[5500, 0.08, 7, 3.5734330697115424e-06]
[5500, 0.08, 8, 3.7883319014418105e-06]
[5500, 0.08, 9, 3.7018172288659655e-06]
[5500, 0.08, 10, 3.326555727786559e-06]
[5500, 0.09, 4, 5.849838571935819e-06]
[5500, 0.09, 5, 3.780277394504982e-06]
[5500, 0.09, 6, 3.182623999708089e-06]
[5500, 0.09, 7, 3.0296772863635795e-06]
[5500, 0.09, 8, 3.4016210858216236e-06]
[5500, 0.09, 9, 3.7525217607764796e-06]
[5500, 0.09, 10, 3.585217525304596e-06]
[5500, 0.09999999999999999, 4, 5.7420364808277905e-06]
[5500, 0.09999999999999999, 5, 4.516278521128579e-06]
[5500, 0.09999999999999999, 6, 3.1373028550336936e-06]
[5500, 0.09999999999999999, 7, 3.463170011514294e-06]
[5500, 0.09999999999999999, 8, 4.228959016800131e-06]
[5500, 0.09999999999999999, 9, 3.6586070217526137e-06]
[5500, 0.09999999999999999, 10, 3.5474442917966556e-06]
[6000, 0.01, 4, 4.517803698159498e-06]
[6000, 0.01, 5, 4.405769810782351e-06]
[6000, 0.01, 6, 3.564391348824944e-06]
[6000, 0.01, 7, 3.2077513497661367e-06]
[6000, 0.01, 8, 3.7382602914703827e-06]
[6000, 0.01, 9, 3.541225313622284e-06]
[6000, 0.01, 10, 3.3351463978394453e-06]
[6000, 0.02, 4, 4.9167226461940706e-06]
[6000, 0.02, 5, 4.027998775548934e-06]
[6000, 0.02, 6, 4.497558759745763e-06]
[6000, 0.02, 7, 3.548820237017433e-06]
[6000, 0.02, 8, 3.4581546882032245e-06]
[6000, 0.02, 9, 3.764888856170368e-06]
[6000, 0.02, 10, 3.626250866998351e-06]
[6000, 0.03, 4, 4.364384062984514e-06]
[6000, 0.03, 5, 5.0444195131352e-06]
[6000, 0.03, 6, 3.315917458978031e-06]
[6000, 0.03, 7, 3.9587078327917585e-06]
[6000, 0.03, 8, 3.5235136468010555e-06]
[6000, 0.03, 9, 3.6110385369358023e-06]
[6000, 0.03, 10, 3.5150938522338054e-06]
[6000, 0.04, 4, 5.040813957384965e-06]
[6000, 0.04, 5, 4.385289243198078e-06]
[6000, 0.04, 6, 4.233677296907099e-06]
[6000, 0.04, 7, 3.875440500590494e-06]
[6000, 0.04, 8, 3.3157643743182475e-06]
[6000, 0.04, 9, 3.3494685746653656e-06]
[6000, 0.04, 10, 3.2611280123000046e-06]
[6000, 0.05, 4, 3.958961698583623e-06]
[6000, 0.05, 5, 4.876826531290486e-06]
[6000, 0.05, 6, 3.593832719860113e-06]
[6000, 0.05, 7, 3.965608480293594e-06]
[6000, 0.05, 8, 3.498907309543312e-06]
[6000, 0.05, 9, 3.3700538690779757e-06]
[6000, 0.05, 10, 3.3666862896221063e-06]
[6000, 0.060000000000000005, 4, 4.1238741738350235e-06]
[6000, 0.060000000000000005, 5, 5.365383440237721e-06]
[6000, 0.060000000000000005, 6, 4.5705115445999815e-06]
[6000, 0.060000000000000005, 7, 3.1003671184785155e-06]
[6000, 0.060000000000000005, 8, 3.905607038731919e-06]
[6000, 0.060000000000000005, 9, 3.069145201217019e-06]
[6000, 0.060000000000000005, 10, 3.7970518373141363e-06]
[6000, 0.06999999999999999, 4, 5.793519550267979e-06]
[6000, 0.06999999999999999, 5, 4.47916317701025e-06]
[6000, 0.06999999999999999, 6, 4.027514035074702e-06]
[6000, 0.06999999999999999, 7, 3.403894028484574e-06]
[6000, 0.06999999999999999, 8, 3.627117265293601e-06]
[6000, 0.06999999999999999, 9, 3.7393434563967964e-06]
[6000, 0.06999999999999999, 10, 3.599446078843735e-06]
[6000, 0.08, 4, 4.980920548539418e-06]
[6000, 0.08, 5, 3.7516158858411085e-06]
[6000, 0.08, 6, 4.695607910667039e-06]
[6000, 0.08, 7, 3.579410369819534e-06]
[6000, 0.08, 8, 3.787091214831784e-06]
[6000, 0.08, 9, 3.7025892163485623e-06]
[6000, 0.08, 10, 3.326495590759904e-06]
[6000, 0.09, 4, 5.834443504496469e-06]
[6000, 0.09, 5, 3.778539954531266e-06]
[6000, 0.09, 6, 3.182562569762152e-06]
[6000, 0.09, 7, 3.0292315028319624e-06]
[6000, 0.09, 8, 3.402040663167698e-06]
[6000, 0.09, 9, 3.7524703215327556e-06]
[6000, 0.09, 10, 3.5857030097222502e-06]
[6000, 0.09999999999999999, 4, 5.741712395195395e-06]
[6000, 0.09999999999999999, 5, 4.51600770209652e-06]
[6000, 0.09999999999999999, 6, 3.1358391153861045e-06]
[6000, 0.09999999999999999, 7, 3.4645475843626426e-06]
[6000, 0.09999999999999999, 8, 4.229407235744094e-06]
[6000, 0.09999999999999999, 9, 3.659339551871579e-06]
[6000, 0.09999999999999999, 10, 3.5476612915250755e-06]
[6500, 0.01, 4, 4.569746446820643e-06]
[6500, 0.01, 5, 4.360411097992671e-06]
[6500, 0.01, 6, 3.5604658508473193e-06]
[6500, 0.01, 7, 3.18794575898149e-06]
[6500, 0.01, 8, 3.7344220588605257e-06]
[6500, 0.01, 9, 3.5349201903519545e-06]
[6500, 0.01, 10, 3.330752209185682e-06]
[6500, 0.02, 4, 4.946876506539162e-06]
[6500, 0.02, 5, 4.02778876316228e-06]
[6500, 0.02, 6, 4.512519665406331e-06]
[6500, 0.02, 7, 3.5567010323398175e-06]
[6500, 0.02, 8, 3.456562795413622e-06]
[6500, 0.02, 9, 3.7657569849494056e-06]
[6500, 0.02, 10, 3.6248507864229644e-06]
[6500, 0.03, 4, 4.3573391331333265e-06]
[6500, 0.03, 5, 5.056936381180629e-06]
[6500, 0.03, 6, 3.312423791377785e-06]
[6500, 0.03, 7, 3.9603329334322485e-06]
[6500, 0.03, 8, 3.518268998349987e-06]
[6500, 0.03, 9, 3.6084450230201924e-06]
[6500, 0.03, 10, 3.515154017252985e-06]
[6500, 0.04, 4, 5.067485138259852e-06]
[6500, 0.04, 5, 4.381310670402331e-06]
[6500, 0.04, 6, 4.236369792346889e-06]
[6500, 0.04, 7, 3.879385534569386e-06]
[6500, 0.04, 8, 3.317361609870672e-06]
[6500, 0.04, 9, 3.350127954584486e-06]
[6500, 0.04, 10, 3.261990119967404e-06]
[6500, 0.05, 4, 3.947735955136397e-06]
[6500, 0.05, 5, 4.876925685461401e-06]
[6500, 0.05, 6, 3.5865374932027295e-06]
[6500, 0.05, 7, 3.966732172291633e-06]
[6500, 0.05, 8, 3.4986230616758073e-06]
[6500, 0.05, 9, 3.3708633123588384e-06]
[6500, 0.05, 10, 3.3674900978797817e-06]
[6500, 0.060000000000000005, 4, 4.1052608991170015e-06]
[6500, 0.060000000000000005, 5, 5.363313510556902e-06]
[6500, 0.060000000000000005, 6, 4.577140796724918e-06]
[6500, 0.060000000000000005, 7, 3.099062142794155e-06]
[6500, 0.060000000000000005, 8, 3.905793704770531e-06]
[6500, 0.060000000000000005, 9, 3.0700672785037798e-06]
[6500, 0.060000000000000005, 10, 3.7968844063745694e-06]
[6500, 0.06999999999999999, 4, 5.799104998103504e-06]
[6500, 0.06999999999999999, 5, 4.47615014861628e-06]
[6500, 0.06999999999999999, 6, 4.028584222593239e-06]
[6500, 0.06999999999999999, 7, 3.4023181944432644e-06]
[6500, 0.06999999999999999, 8, 3.628058831737192e-06]
[6500, 0.06999999999999999, 9, 3.7388228413182153e-06]
[6500, 0.06999999999999999, 10, 3.600086348077538e-06]
[6500, 0.08, 4, 4.981690497087885e-06]
[6500, 0.08, 5, 3.7539685300402937e-06]
[6500, 0.08, 6, 4.697140185282022e-06]
[6500, 0.08, 7, 3.5822803179569897e-06]
[6500, 0.08, 8, 3.786180772882442e-06]
[6500, 0.08, 9, 3.702904910395543e-06]
[6500, 0.08, 10, 3.3266306397149906e-06]
[6500, 0.09, 4, 5.844876818450575e-06]
[6500, 0.09, 5, 3.772294987505143e-06]
[6500, 0.09, 6, 3.181857341613672e-06]
[6500, 0.09, 7, 3.0287754561770142e-06]
[6500, 0.09, 8, 3.4022428207172778e-06]
[6500, 0.09, 9, 3.7520267299877722e-06]
[6500, 0.09, 10, 3.585925478645279e-06]
[6500, 0.09999999999999999, 4, 5.7404938097779034e-06]
[6500, 0.09999999999999999, 5, 4.519467173639195e-06]
[6500, 0.09999999999999999, 6, 3.134721354915935e-06]
[6500, 0.09999999999999999, 7, 3.4640699133982944e-06]
[6500, 0.09999999999999999, 8, 4.229678393314348e-06]
[6500, 0.09999999999999999, 9, 3.6600828099874898e-06]
[6500, 0.09999999999999999, 10, 3.547787061440752e-06]
[7000, 0.01, 4, 4.746375732289729e-06]
[7000, 0.01, 5, 4.330614840664523e-06]
[7000, 0.01, 6, 3.5553759885017213e-06]
[7000, 0.01, 7, 3.1692631184100297e-06]
[7000, 0.01, 8, 3.7361306470244327e-06]
[7000, 0.01, 9, 3.528262345833597e-06]
[7000, 0.01, 10, 3.332170253365358e-06]
[7000, 0.02, 4, 4.930841162324009e-06]
[7000, 0.02, 5, 4.029153948420203e-06]
[7000, 0.02, 6, 4.519576430569782e-06]
[7000, 0.02, 7, 3.560061309213575e-06]
[7000, 0.02, 8, 3.458783668788894e-06]
[7000, 0.02, 9, 3.7700952185221703e-06]
[7000, 0.02, 10, 3.6244274063357436e-06]
[7000, 0.03, 4, 4.362126261570647e-06]
[7000, 0.03, 5, 5.063581004892505e-06]
[7000, 0.03, 6, 3.312010448474717e-06]
[7000, 0.03, 7, 3.966646421260473e-06]
[7000, 0.03, 8, 3.516077201360076e-06]
[7000, 0.03, 9, 3.607891785398833e-06]
[7000, 0.03, 10, 3.5146588615843606e-06]
[7000, 0.04, 4, 5.075738081866307e-06]
[7000, 0.04, 5, 4.387060818905628e-06]
[7000, 0.04, 6, 4.241074068489494e-06]
[7000, 0.04, 7, 3.881903771317331e-06]
[7000, 0.04, 8, 3.3178599103215855e-06]
[7000, 0.04, 9, 3.3504041780688204e-06]
[7000, 0.04, 10, 3.2623902847484474e-06]
[7000, 0.05, 4, 3.945237424153044e-06]
[7000, 0.05, 5, 4.881556820147662e-06]
[7000, 0.05, 6, 3.579825582538557e-06]
[7000, 0.05, 7, 3.969694844599338e-06]
[7000, 0.05, 8, 3.498154557495858e-06]
[7000, 0.05, 9, 3.371883214982849e-06]
[7000, 0.05, 10, 3.367802531247668e-06]
[7000, 0.060000000000000005, 4, 4.091452598372204e-06]
[7000, 0.060000000000000005, 5, 5.358991548277609e-06]
[7000, 0.060000000000000005, 6, 4.580610100123858e-06]
[7000, 0.060000000000000005, 7, 3.0983646428525096e-06]
[7000, 0.060000000000000005, 8, 3.905995425230425e-06]
[7000, 0.060000000000000005, 9, 3.0710579507109913e-06]
[7000, 0.060000000000000005, 10, 3.7970918622100743e-06]
[7000, 0.06999999999999999, 4, 5.811735030433377e-06]
[7000, 0.06999999999999999, 5, 4.470248117991719e-06]
[7000, 0.06999999999999999, 6, 4.03149986391415e-06]
[7000, 0.06999999999999999, 7, 3.401381910249606e-06]
[7000, 0.06999999999999999, 8, 3.6283581619826328e-06]
[7000, 0.06999999999999999, 9, 3.73904870396047e-06]
[7000, 0.06999999999999999, 10, 3.600823234727816e-06]
[7000, 0.08, 4, 4.996353583808691e-06]
[7000, 0.08, 5, 3.757966063221758e-06]
[7000, 0.08, 6, 4.7020856341189645e-06]
[7000, 0.08, 7, 3.582972169668374e-06]
[7000, 0.08, 8, 3.7855228464743995e-06]
[7000, 0.08, 9, 3.703834702811368e-06]
[7000, 0.08, 10, 3.326590254368663e-06]
[7000, 0.09, 4, 5.848128662121453e-06]
[7000, 0.09, 5, 3.7747175656833423e-06]
[7000, 0.09, 6, 3.180202590517265e-06]
[7000, 0.09, 7, 3.028419835078153e-06]
[7000, 0.09, 8, 3.4019642834067833e-06]
[7000, 0.09, 9, 3.7520841116372188e-06]
[7000, 0.09, 10, 3.5862257903890996e-06]
[7000, 0.09999999999999999, 4, 5.737170569423068e-06]
[7000, 0.09999999999999999, 5, 4.517339990482253e-06]
[7000, 0.09999999999999999, 6, 3.133001352647638e-06]
[7000, 0.09999999999999999, 7, 3.4635751884370677e-06]
[7000, 0.09999999999999999, 8, 4.229945223130864e-06]
[7000, 0.09999999999999999, 9, 3.660183971117917e-06]
[7000, 0.09999999999999999, 10, 3.5481429864049464e-06]
[7500, 0.01, 4, 4.867103282637933e-06]
[7500, 0.01, 5, 4.33377716105254e-06]
[7500, 0.01, 6, 3.560727878294522e-06]
[7500, 0.01, 7, 3.1615941508122924e-06]
[7500, 0.01, 8, 3.737351580040692e-06]
[7500, 0.01, 9, 3.5271219778051553e-06]
[7500, 0.01, 10, 3.33281308728388e-06]
[7500, 0.02, 4, 4.9467641916813466e-06]
[7500, 0.02, 5, 4.025881586056829e-06]
[7500, 0.02, 6, 4.530588566848092e-06]
[7500, 0.02, 7, 3.5621816920956292e-06]
[7500, 0.02, 8, 3.4557194626215772e-06]
[7500, 0.02, 9, 3.7706187457033534e-06]
[7500, 0.02, 10, 3.6247361856878e-06]
[7500, 0.03, 4, 4.366865275280377e-06]
[7500, 0.03, 5, 5.060631742106778e-06]
[7500, 0.03, 6, 3.3095577729011102e-06]
[7500, 0.03, 7, 3.969311171595254e-06]
[7500, 0.03, 8, 3.513698889281557e-06]
[7500, 0.03, 9, 3.6076052123311978e-06]
[7500, 0.03, 10, 3.515994534522124e-06]
[7500, 0.04, 4, 5.0726944690885165e-06]
[7500, 0.04, 5, 4.377399541366492e-06]
[7500, 0.04, 6, 4.241273897781472e-06]
[7500, 0.04, 7, 3.885133056843405e-06]
[7500, 0.04, 8, 3.3186351915538754e-06]
[7500, 0.04, 9, 3.351583450678737e-06]
[7500, 0.04, 10, 3.263313656177643e-06]
[7500, 0.05, 4, 3.942754507341276e-06]
[7500, 0.05, 5, 4.891627381863433e-06]
[7500, 0.05, 6, 3.5717918526091153e-06]
[7500, 0.05, 7, 3.970731954401517e-06]
[7500, 0.05, 8, 3.498412707694448e-06]
[7500, 0.05, 9, 3.372585768277916e-06]
[7500, 0.05, 10, 3.3678940441090152e-06]
[7500, 0.060000000000000005, 4, 4.091750348192786e-06]
[7500, 0.060000000000000005, 5, 5.351517113338744e-06]
[7500, 0.060000000000000005, 6, 4.581354303552005e-06]
[7500, 0.060000000000000005, 7, 3.098273817549263e-06]
[7500, 0.060000000000000005, 8, 3.907412148137423e-06]
[7500, 0.060000000000000005, 9, 3.0712671921628164e-06]
[7500, 0.060000000000000005, 10, 3.7969301833205096e-06]
[7500, 0.06999999999999999, 4, 5.788450816641954e-06]
[7500, 0.06999999999999999, 5, 4.4706040902530835e-06]
[7500, 0.06999999999999999, 6, 4.031854843993045e-06]
[7500, 0.06999999999999999, 7, 3.3990864103728523e-06]
[7500, 0.06999999999999999, 8, 3.6280649246104802e-06]
[7500, 0.06999999999999999, 9, 3.7397930985706172e-06]
[7500, 0.06999999999999999, 10, 3.601411246008497e-06]
[7500, 0.08, 4, 4.99901056940199e-06]
[7500, 0.08, 5, 3.756334883850147e-06]
[7500, 0.08, 6, 4.7048066658163316e-06]
[7500, 0.08, 7, 3.5840581019019953e-06]
[7500, 0.08, 8, 3.7857887672753258e-06]
[7500, 0.08, 9, 3.7040370767425055e-06]
[7500, 0.08, 10, 3.3265435249671237e-06]
[7500, 0.09, 4, 5.843422592250232e-06]
[7500, 0.09, 5, 3.775212517452492e-06]
[7500, 0.09, 6, 3.179421055920308e-06]
[7500, 0.09, 7, 3.0273526994141225e-06]
[7500, 0.09, 8, 3.4017713441064695e-06]
[7500, 0.09, 9, 3.7519755546932324e-06]
[7500, 0.09, 10, 3.586324189416807e-06]
[7500, 0.09999999999999999, 4, 5.736573466043219e-06]
[7500, 0.09999999999999999, 5, 4.513840884653193e-06]
[7500, 0.09999999999999999, 6, 3.1315999642821887e-06]
[7500, 0.09999999999999999, 7, 3.463280236004851e-06]
[7500, 0.09999999999999999, 8, 4.22997951380381e-06]
[7500, 0.09999999999999999, 9, 3.6607120611188323e-06]
[7500, 0.09999999999999999, 10, 3.548285113377794e-06]
[8000, 0.01, 4, 4.885363054933776e-06]
[8000, 0.01, 5, 4.306588679439459e-06]
[8000, 0.01, 6, 3.5418680059534455e-06]
[8000, 0.01, 7, 3.153478328444054e-06]
[8000, 0.01, 8, 3.732578437225404e-06]
[8000, 0.01, 9, 3.525722146543825e-06]
[8000, 0.01, 10, 3.3346119925829845e-06]
[8000, 0.02, 4, 4.99143850180358e-06]
[8000, 0.02, 5, 4.020462222854435e-06]
[8000, 0.02, 6, 4.532674125977435e-06]
[8000, 0.02, 7, 3.5633056612206673e-06]
[8000, 0.02, 8, 3.456156395518163e-06]
[8000, 0.02, 9, 3.7675280575365373e-06]
[8000, 0.02, 10, 3.624844997322803e-06]
[8000, 0.03, 4, 4.402331483664009e-06]
[8000, 0.03, 5, 5.057890183706679e-06]
[8000, 0.03, 6, 3.3107499360906844e-06]
[8000, 0.03, 7, 3.970683727697442e-06]
[8000, 0.03, 8, 3.512500397790795e-06]
[8000, 0.03, 9, 3.607215545616563e-06]
[8000, 0.03, 10, 3.5172652204186543e-06]
[8000, 0.04, 4, 5.0621360360019855e-06]
[8000, 0.04, 5, 4.3767546202040565e-06]
[8000, 0.04, 6, 4.243466412812682e-06]
[8000, 0.04, 7, 3.889237419322093e-06]
[8000, 0.04, 8, 3.3186109950240376e-06]
[8000, 0.04, 9, 3.3524329012484967e-06]
[8000, 0.04, 10, 3.264727335108409e-06]
[8000, 0.05, 4, 3.9558876592729995e-06]
[8000, 0.05, 5, 4.896752002416775e-06]
[8000, 0.05, 6, 3.569982509656814e-06]
[8000, 0.05, 7, 3.969610535674728e-06]
[8000, 0.05, 8, 3.4987676937305175e-06]
[8000, 0.05, 9, 3.3724405571371013e-06]
[8000, 0.05, 10, 3.367817750739391e-06]
[8000, 0.060000000000000005, 4, 4.085838224312953e-06]
[8000, 0.060000000000000005, 5, 5.353207489843253e-06]
[8000, 0.060000000000000005, 6, 4.57976984351119e-06]
[8000, 0.060000000000000005, 7, 3.0956462793033262e-06]
[8000, 0.060000000000000005, 8, 3.907033663928242e-06]
[8000, 0.060000000000000005, 9, 3.072098118953019e-06]
[8000, 0.060000000000000005, 10, 3.7967222580350007e-06]
[8000, 0.06999999999999999, 4, 5.753152714789675e-06]
[8000, 0.06999999999999999, 5, 4.478107054048581e-06]
[8000, 0.06999999999999999, 6, 4.031885839915014e-06]
[8000, 0.06999999999999999, 7, 3.3994478347258104e-06]
[8000, 0.06999999999999999, 8, 3.62844491899258e-06]
[8000, 0.06999999999999999, 9, 3.7397663364793203e-06]
[8000, 0.06999999999999999, 10, 3.60215344264647e-06]
[8000, 0.08, 4, 4.993887413534015e-06]
[8000, 0.08, 5, 3.7595352921401995e-06]
[8000, 0.08, 6, 4.703896876293542e-06]
[8000, 0.08, 7, 3.586061775770491e-06]
[8000, 0.08, 8, 3.785648672452604e-06]
[8000, 0.08, 9, 3.704311686549413e-06]
[8000, 0.08, 10, 3.326773624820599e-06]
[8000, 0.09, 4, 5.838300160849796e-06]
[8000, 0.09, 5, 3.776304415822484e-06]
[8000, 0.09, 6, 3.1787145016254463e-06]
[8000, 0.09, 7, 3.025993160263138e-06]
[8000, 0.09, 8, 3.4018303710498474e-06]
[8000, 0.09, 9, 3.7518592727631103e-06]
[8000, 0.09, 10, 3.5864934919831877e-06]
[8000, 0.09999999999999999, 4, 5.714598227518063e-06]
[8000, 0.09999999999999999, 5, 4.5129969997601965e-06]
[8000, 0.09999999999999999, 6, 3.1303617155554616e-06]
[8000, 0.09999999999999999, 7, 3.462934761817684e-06]
[8000, 0.09999999999999999, 8, 4.229918876884727e-06]
[8000, 0.09999999999999999, 9, 3.6607723698363745e-06]
[8000, 0.09999999999999999, 10, 3.5484315200972692e-06]
[8500, 0.01, 4, 4.920916522286037e-06]
[8500, 0.01, 5, 4.3151529667361865e-06]
[8500, 0.01, 6, 3.53695125013728e-06]
[8500, 0.01, 7, 3.151834049740628e-06]
[8500, 0.01, 8, 3.727685864217771e-06]
[8500, 0.01, 9, 3.522344837223183e-06]
[8500, 0.01, 10, 3.335771369946019e-06]
[8500, 0.02, 4, 5.0158844478719015e-06]
[8500, 0.02, 5, 4.023045920302111e-06]
[8500, 0.02, 6, 4.537566768938705e-06]
[8500, 0.02, 7, 3.5631358969348195e-06]
[8500, 0.02, 8, 3.452457779245194e-06]
[8500, 0.02, 9, 3.7653653219493332e-06]
[8500, 0.02, 10, 3.62388879529856e-06]
[8500, 0.03, 4, 4.413397198229427e-06]
[8500, 0.03, 5, 5.0507247702772e-06]
[8500, 0.03, 6, 3.309207157009951e-06]
[8500, 0.03, 7, 3.972217944670324e-06]
[8500, 0.03, 8, 3.511293755937359e-06]
[8500, 0.03, 9, 3.6084714132186215e-06]
[8500, 0.03, 10, 3.5183185733721496e-06]
[8500, 0.04, 4, 5.048537666209637e-06]
[8500, 0.04, 5, 4.3768290089533055e-06]
[8500, 0.04, 6, 4.245990349304178e-06]
[8500, 0.04, 7, 3.889666915439796e-06]
[8500, 0.04, 8, 3.32003133298775e-06]
[8500, 0.04, 9, 3.3539909853972087e-06]
[8500, 0.04, 10, 3.265474523112434e-06]
[8500, 0.05, 4, 3.9635804410320646e-06]
[8500, 0.05, 5, 4.882344802457011e-06]
[8500, 0.05, 6, 3.5692338813123587e-06]
[8500, 0.05, 7, 3.971834483227066e-06]
[8500, 0.05, 8, 3.498872783810784e-06]
[8500, 0.05, 9, 3.372502520417682e-06]
[8500, 0.05, 10, 3.367950193413111e-06]
[8500, 0.060000000000000005, 4, 4.0785329864829486e-06]
[8500, 0.060000000000000005, 5, 5.345671047211388e-06]
[8500, 0.060000000000000005, 6, 4.579726059973461e-06]
[8500, 0.060000000000000005, 7, 3.0938998187660834e-06]
[8500, 0.060000000000000005, 8, 3.907960576295812e-06]
[8500, 0.060000000000000005, 9, 3.0730581715115662e-06]
[8500, 0.060000000000000005, 10, 3.796206721424684e-06]
[8500, 0.06999999999999999, 4, 5.743114629634666e-06]
[8500, 0.06999999999999999, 5, 4.485022831483026e-06]
[8500, 0.06999999999999999, 6, 4.03363265115204e-06]
[8500, 0.06999999999999999, 7, 3.3994491130984953e-06]
[8500, 0.06999999999999999, 8, 3.627993232042652e-06]
[8500, 0.06999999999999999, 9, 3.7403010426440315e-06]
[8500, 0.06999999999999999, 10, 3.6022847688171043e-06]
[8500, 0.08, 4, 4.967680430082388e-06]
[8500, 0.08, 5, 3.757060888636779e-06]
[8500, 0.08, 6, 4.70288713331248e-06]
[8500, 0.08, 7, 3.586667678422243e-06]
[8500, 0.08, 8, 3.7854640703939524e-06]
[8500, 0.08, 9, 3.70462322637896e-06]
[8500, 0.08, 10, 3.326871935487146e-06]
[8500, 0.09, 4, 5.835746688397319e-06]
[8500, 0.09, 5, 3.778261729085553e-06]
[8500, 0.09, 6, 3.1771510629281393e-06]
[8500, 0.09, 7, 3.025935759747298e-06]
[8500, 0.09, 8, 3.401525185550294e-06]
[8500, 0.09, 9, 3.751713722819263e-06]
[8500, 0.09, 10, 3.5863895308343906e-06]
[8500, 0.09999999999999999, 4, 5.6979419339706384e-06]
[8500, 0.09999999999999999, 5, 4.513120053057952e-06]
[8500, 0.09999999999999999, 6, 3.1278809527482648e-06]
[8500, 0.09999999999999999, 7, 3.4633118497883417e-06]
[8500, 0.09999999999999999, 8, 4.229453464503281e-06]
[8500, 0.09999999999999999, 9, 3.660559837170772e-06]
[8500, 0.09999999999999999, 10, 3.548427027269248e-06]
[9000, 0.01, 4, 4.945165622193835e-06]
[9000, 0.01, 5, 4.3130154727781855e-06]
[9000, 0.01, 6, 3.531700613563628e-06]
[9000, 0.01, 7, 3.151004285411141e-06]
[9000, 0.01, 8, 3.73279233163945e-06]
[9000, 0.01, 9, 3.5189928881630853e-06]
[9000, 0.01, 10, 3.335297048023673e-06]
[9000, 0.02, 4, 4.988319146782616e-06]
[9000, 0.02, 5, 4.021614052146872e-06]
[9000, 0.02, 6, 4.540280735625719e-06]
[9000, 0.02, 7, 3.5638010683728543e-06]
[9000, 0.02, 8, 3.4505771299924156e-06]
[9000, 0.02, 9, 3.7642878126122582e-06]
[9000, 0.02, 10, 3.626888464970728e-06]
[9000, 0.03, 4, 4.4120423710681785e-06]
[9000, 0.03, 5, 5.046672693925887e-06]
[9000, 0.03, 6, 3.312083556002608e-06]
[9000, 0.03, 7, 3.971833307184383e-06]
[9000, 0.03, 8, 3.511083118993134e-06]
[9000, 0.03, 9, 3.6089709730946595e-06]
[9000, 0.03, 10, 3.5192085004733678e-06]
[9000, 0.04, 4, 5.0343689512167525e-06]
[9000, 0.04, 5, 4.373974949832651e-06]
[9000, 0.04, 6, 4.241718618940162e-06]
[9000, 0.04, 7, 3.892653635416512e-06]
[9000, 0.04, 8, 3.3201748385291677e-06]
[9000, 0.04, 9, 3.3543862677974395e-06]
[9000, 0.04, 10, 3.2657749991795576e-06]
[9000, 0.05, 4, 3.96533193939827e-06]
[9000, 0.05, 5, 4.883949828164789e-06]
[9000, 0.05, 6, 3.5654545469714893e-06]
[9000, 0.05, 7, 3.9728332709591e-06]
[9000, 0.05, 8, 3.498305557078243e-06]
[9000, 0.05, 9, 3.3725976718148917e-06]
[9000, 0.05, 10, 3.368368342474453e-06]
[9000, 0.060000000000000005, 4, 4.070326511431208e-06]
[9000, 0.060000000000000005, 5, 5.341759949637747e-06]
[9000, 0.060000000000000005, 6, 4.581670760789182e-06]
[9000, 0.060000000000000005, 7, 3.0939024848644465e-06]
[9000, 0.060000000000000005, 8, 3.9081769216960296e-06]
[9000, 0.060000000000000005, 9, 3.0737262778712588e-06]
[9000, 0.060000000000000005, 10, 3.796403224498073e-06]
[9000, 0.06999999999999999, 4, 5.734734263636827e-06]
[9000, 0.06999999999999999, 5, 4.486598869291312e-06]
[9000, 0.06999999999999999, 6, 4.032691138437749e-06]
[9000, 0.06999999999999999, 7, 3.399063945446047e-06]
[9000, 0.06999999999999999, 8, 3.6276973693380776e-06]
[9000, 0.06999999999999999, 9, 3.7401695395860934e-06]
[9000, 0.06999999999999999, 10, 3.6025111836602544e-06]
[9000, 0.08, 4, 4.970513181593899e-06]
[9000, 0.08, 5, 3.7603012559730602e-06]
[9000, 0.08, 6, 4.703602253400158e-06]
[9000, 0.08, 7, 3.5869809238095565e-06]
[9000, 0.08, 8, 3.7854929379620855e-06]
[9000, 0.08, 9, 3.7044116873629445e-06]
[9000, 0.08, 10, 3.3267179674236015e-06]
[9000, 0.09, 4, 5.832340943561385e-06]
[9000, 0.09, 5, 3.7769321644221735e-06]
[9000, 0.09, 6, 3.1771359957115414e-06]
[9000, 0.09, 7, 3.025663339566761e-06]
[9000, 0.09, 8, 3.4014476035186427e-06]
[9000, 0.09, 9, 3.7515773417302594e-06]
[9000, 0.09, 10, 3.5864244465250093e-06]
[9000, 0.09999999999999999, 4, 5.693204914789795e-06]
[9000, 0.09999999999999999, 5, 4.512099365692128e-06]
[9000, 0.09999999999999999, 6, 3.126406997852983e-06]
[9000, 0.09999999999999999, 7, 3.4635884040492495e-06]
[9000, 0.09999999999999999, 8, 4.229392830582543e-06]
[9000, 0.09999999999999999, 9, 3.660754999744618e-06]
[9000, 0.09999999999999999, 10, 3.548408097483034e-06]
[9500, 0.01, 4, 4.931252402918103e-06]
[9500, 0.01, 5, 4.317111629473006e-06]
[9500, 0.01, 6, 3.5313107490212037e-06]
[9500, 0.01, 7, 3.146591326823937e-06]
[9500, 0.01, 8, 3.737179995628985e-06]
[9500, 0.01, 9, 3.517522951047912e-06]
[9500, 0.01, 10, 3.3345139653861748e-06]
[9500, 0.02, 4, 4.956836343452591e-06]
[9500, 0.02, 5, 4.018123086198707e-06]
[9500, 0.02, 6, 4.542904815729873e-06]
[9500, 0.02, 7, 3.5635683646008806e-06]
[9500, 0.02, 8, 3.4478615191835426e-06]
[9500, 0.02, 9, 3.7649816818550636e-06]
[9500, 0.02, 10, 3.6274022909754345e-06]
[9500, 0.03, 4, 4.4287828092123e-06]
[9500, 0.03, 5, 5.0425076868290425e-06]
[9500, 0.03, 6, 3.315586733225778e-06]
[9500, 0.03, 7, 3.972006750802681e-06]
[9500, 0.03, 8, 3.5119253598331628e-06]
[9500, 0.03, 9, 3.6075052162171437e-06]
[9500, 0.03, 10, 3.5204511414208057e-06]
[9500, 0.04, 4, 5.025347045153355e-06]
[9500, 0.04, 5, 4.379659571489123e-06]
[9500, 0.04, 6, 4.239502015579908e-06]
[9500, 0.04, 7, 3.8941456951682e-06]
[9500, 0.04, 8, 3.3197146825705697e-06]
[9500, 0.04, 9, 3.3548343927456985e-06]
[9500, 0.04, 10, 3.2660874657308447e-06]
[9500, 0.05, 4, 3.9677965307525365e-06]
[9500, 0.05, 5, 4.879336123266395e-06]
[9500, 0.05, 6, 3.563593944153909e-06]
[9500, 0.05, 7, 3.9718161328765075e-06]
[9500, 0.05, 8, 3.4985231493006557e-06]
[9500, 0.05, 9, 3.372907909080883e-06]
[9500, 0.05, 10, 3.368970321747696e-06]
[9500, 0.060000000000000005, 4, 4.068739624380265e-06]
[9500, 0.060000000000000005, 5, 5.343890914187938e-06]
[9500, 0.060000000000000005, 6, 4.583447319866878e-06]
[9500, 0.060000000000000005, 7, 3.092329723716239e-06]
[9500, 0.060000000000000005, 8, 3.908129192516574e-06]
[9500, 0.060000000000000005, 9, 3.0741175884770453e-06]
[9500, 0.060000000000000005, 10, 3.796129742060713e-06]
[9500, 0.06999999999999999, 4, 5.712388169842048e-06]
[9500, 0.06999999999999999, 5, 4.487943467328657e-06]
[9500, 0.06999999999999999, 6, 4.031694859975804e-06]
[9500, 0.06999999999999999, 7, 3.399436133375309e-06]
[9500, 0.06999999999999999, 8, 3.6275951444368153e-06]
[9500, 0.06999999999999999, 9, 3.740088286259696e-06]
[9500, 0.06999999999999999, 10, 3.6028386993869386e-06]
[9500, 0.08, 4, 4.963862271202059e-06]
[9500, 0.08, 5, 3.757457091225649e-06]
[9500, 0.08, 6, 4.7038272324947234e-06]
[9500, 0.08, 7, 3.587531304130943e-06]
[9500, 0.08, 8, 3.7854389171734057e-06]
[9500, 0.08, 9, 3.7043764068666293e-06]
[9500, 0.08, 10, 3.3267844775155567e-06]
[9500, 0.09, 4, 5.824398245577335e-06]
[9500, 0.09, 5, 3.7770671631356674e-06]
[9500, 0.09, 6, 3.1759442132135837e-06]
[9500, 0.09, 7, 3.0259413522358794e-06]
[9500, 0.09, 8, 3.40159178824554e-06]
[9500, 0.09, 9, 3.7513371969788836e-06]
[9500, 0.09, 10, 3.5865669564411132e-06]
[9500, 0.09999999999999999, 4, 5.695000469407241e-06]
[9500, 0.09999999999999999, 5, 4.5096131639089015e-06]
[9500, 0.09999999999999999, 6, 3.12478650307224e-06]
[9500, 0.09999999999999999, 7, 3.4630407393736586e-06]
[9500, 0.09999999999999999, 8, 4.229624248766694e-06]
[9500, 0.09999999999999999, 9, 3.660698313209613e-06]
[9500, 0.09999999999999999, 10, 3.5485314673040445e-06]
[10000, 0.01, 4, 4.934471596832172e-06]
[10000, 0.01, 5, 4.323736753797585e-06]
[10000, 0.01, 6, 3.5344981386522717e-06]
[10000, 0.01, 7, 3.1442213922058468e-06]
[10000, 0.01, 8, 3.7398822195379616e-06]
[10000, 0.01, 9, 3.514986522759217e-06]
[10000, 0.01, 10, 3.3338708525073817e-06]
[10000, 0.02, 4, 4.943156972073052e-06]
[10000, 0.02, 5, 4.017996192716006e-06]
[10000, 0.02, 6, 4.547530542603921e-06]
[10000, 0.02, 7, 3.561715169896849e-06]
[10000, 0.02, 8, 3.4499690298906172e-06]
[10000, 0.02, 9, 3.764657485554567e-06]
[10000, 0.02, 10, 3.628278560706507e-06]
[10000, 0.03, 4, 4.426618330867194e-06]
[10000, 0.03, 5, 5.035854500455801e-06]
[10000, 0.03, 6, 3.3141115001644874e-06]
[10000, 0.03, 7, 3.971057682717099e-06]
[10000, 0.03, 8, 3.5124183826585702e-06]
[10000, 0.03, 9, 3.607259076314166e-06]
[10000, 0.03, 10, 3.5213043317314348e-06]
[10000, 0.04, 4, 5.020823467068224e-06]
[10000, 0.04, 5, 4.387057522211176e-06]
[10000, 0.04, 6, 4.236176385868994e-06]
[10000, 0.04, 7, 3.894579461267833e-06]
[10000, 0.04, 8, 3.3216744524442823e-06]
[10000, 0.04, 9, 3.35490362313068e-06]
[10000, 0.04, 10, 3.266084287249873e-06]
[10000, 0.05, 4, 3.964524911998843e-06]
[10000, 0.05, 5, 4.870950546167366e-06]
[10000, 0.05, 6, 3.559027171851631e-06]
[10000, 0.05, 7, 3.9731724518652455e-06]
[10000, 0.05, 8, 3.4985156299304956e-06]
[10000, 0.05, 9, 3.3726498440697964e-06]
[10000, 0.05, 10, 3.3689536091877965e-06]
[10000, 0.060000000000000005, 4, 4.056831143665192e-06]
[10000, 0.060000000000000005, 5, 5.343038610440781e-06]
[10000, 0.060000000000000005, 6, 4.582849944911664e-06]
[10000, 0.060000000000000005, 7, 3.0916831159299996e-06]
[10000, 0.060000000000000005, 8, 3.908567369107501e-06]
[10000, 0.060000000000000005, 9, 3.0742081880362244e-06]
[10000, 0.060000000000000005, 10, 3.7959284317621317e-06]
[10000, 0.06999999999999999, 4, 5.70080977632032e-06]
[10000, 0.06999999999999999, 5, 4.494515150466782e-06]
[10000, 0.06999999999999999, 6, 4.030713476429821e-06]
[10000, 0.06999999999999999, 7, 3.3991872212131238e-06]
[10000, 0.06999999999999999, 8, 3.6282364861236654e-06]
[10000, 0.06999999999999999, 9, 3.7404056027245486e-06]
[10000, 0.06999999999999999, 10, 3.603134734363592e-06]
[10000, 0.08, 4, 4.962569563453332e-06]
[10000, 0.08, 5, 3.754419136382662e-06]
[10000, 0.08, 6, 4.703840775550053e-06]
[10000, 0.08, 7, 3.5873678910214573e-06]
[10000, 0.08, 8, 3.785138617162883e-06]
[10000, 0.08, 9, 3.704470123414994e-06]
[10000, 0.08, 10, 3.3268259725822143e-06]
[10000, 0.09, 4, 5.8262711011166395e-06]
[10000, 0.09, 5, 3.775468967803499e-06]
[10000, 0.09, 6, 3.176817493024771e-06]
[10000, 0.09, 7, 3.025824629575841e-06]
[10000, 0.09, 8, 3.401432154101609e-06]
[10000, 0.09, 9, 3.7513326525243835e-06]
[10000, 0.09, 10, 3.586590485872981e-06]
[10000, 0.09999999999999999, 4, 5.691764486965594e-06]
[10000, 0.09999999999999999, 5, 4.507505540854776e-06]
[10000, 0.09999999999999999, 6, 3.1245547715741973e-06]
[10000, 0.09999999999999999, 7, 3.463036241968629e-06]
[10000, 0.09999999999999999, 8, 4.229615969325505e-06]
[10000, 0.09999999999999999, 9, 3.660598193569038e-06]
[10000, 0.09999999999999999, 10, 3.5485379292444565e-06]
[10500, 0.01, 4, 4.9374587442167235e-06]
[10500, 0.01, 5, 4.328616315454168e-06]
[10500, 0.01, 6, 3.5363417655752515e-06]
[10500, 0.01, 7, 3.1449924181888775e-06]
[10500, 0.01, 8, 3.741237658927284e-06]
[10500, 0.01, 9, 3.5127335085261263e-06]
[10500, 0.01, 10, 3.3343907764103695e-06]
[10500, 0.02, 4, 4.925607565134253e-06]
[10500, 0.02, 5, 4.018854873548792e-06]
[10500, 0.02, 6, 4.549266464778083e-06]
[10500, 0.02, 7, 3.5603909508121464e-06]
[10500, 0.02, 8, 3.449271299391364e-06]
[10500, 0.02, 9, 3.7645044146717973e-06]
[10500, 0.02, 10, 3.6295655121823537e-06]
[10500, 0.03, 4, 4.430809827769733e-06]
[10500, 0.03, 5, 5.026069309896372e-06]
[10500, 0.03, 6, 3.3148354595934368e-06]
[10500, 0.03, 7, 3.972593076199291e-06]
[10500, 0.03, 8, 3.511776700678834e-06]
[10500, 0.03, 9, 3.60691221538569e-06]
[10500, 0.03, 10, 3.52234475349983e-06]
[10500, 0.04, 4, 5.01643497368804e-06]
[10500, 0.04, 5, 4.394373466250684e-06]
[10500, 0.04, 6, 4.232116570522442e-06]
[10500, 0.04, 7, 3.894156776922349e-06]
[10500, 0.04, 8, 3.32447910115604e-06]
[10500, 0.04, 9, 3.355191242275422e-06]
[10500, 0.04, 10, 3.2664876291473557e-06]
[10500, 0.05, 4, 3.970320485806956e-06]
[10500, 0.05, 5, 4.867243534239175e-06]
[10500, 0.05, 6, 3.5585202959865807e-06]
[10500, 0.05, 7, 3.973978810387021e-06]
[10500, 0.05, 8, 3.497697100900373e-06]
[10500, 0.05, 9, 3.372695399909455e-06]
[10500, 0.05, 10, 3.3689592570310744e-06]
[10500, 0.060000000000000005, 4, 4.053047276478099e-06]
[10500, 0.060000000000000005, 5, 5.342042837588465e-06]
[10500, 0.060000000000000005, 6, 4.582998746442214e-06]
[10500, 0.060000000000000005, 7, 3.0910970711146976e-06]
[10500, 0.060000000000000005, 8, 3.908864432394576e-06]
[10500, 0.060000000000000005, 9, 3.0740576366396725e-06]
[10500, 0.060000000000000005, 10, 3.795921523168686e-06]
[10500, 0.06999999999999999, 4, 5.685293385238414e-06]
[10500, 0.06999999999999999, 5, 4.496789578482121e-06]
[10500, 0.06999999999999999, 6, 4.031110756339251e-06]
[10500, 0.06999999999999999, 7, 3.398818827174674e-06]
[10500, 0.06999999999999999, 8, 3.6283563321882927e-06]
[10500, 0.06999999999999999, 9, 3.7410003436622395e-06]
[10500, 0.06999999999999999, 10, 3.603129979307463e-06]
[10500, 0.08, 4, 4.950058309680209e-06]
[10500, 0.08, 5, 3.754839818249167e-06]
[10500, 0.08, 6, 4.703166231217945e-06]
[10500, 0.08, 7, 3.587717163333333e-06]
[10500, 0.08, 8, 3.785103801180981e-06]
[10500, 0.08, 9, 3.7044862193589357e-06]
[10500, 0.08, 10, 3.3267640232243537e-06]
[10500, 0.09, 4, 5.826659771365565e-06]
[10500, 0.09, 5, 3.7730109110093e-06]
[10500, 0.09, 6, 3.1766492123524695e-06]
[10500, 0.09, 7, 3.0257301966058e-06]
[10500, 0.09, 8, 3.4012663814288484e-06]
[10500, 0.09, 9, 3.7511849115347753e-06]
[10500, 0.09, 10, 3.5866245252468724e-06]
[10500, 0.09999999999999999, 4, 5.69621001117789e-06]
[10500, 0.09999999999999999, 5, 4.505055892230393e-06]
[10500, 0.09999999999999999, 6, 3.1239225501316464e-06]
[10500, 0.09999999999999999, 7, 3.463109368171486e-06]
[10500, 0.09999999999999999, 8, 4.229422483363678e-06]
[10500, 0.09999999999999999, 9, 3.6605344031845692e-06]
[10500, 0.09999999999999999, 10, 3.548454365092597e-06]
